12 Johnson 35 Male 190 87 123456789
13 Janice 29 Female 167 56 123456789
14 Marish 33 Male 180 75 123456789
15 Wang 40 Male 173 69 123456789
16 Jessica 35 Female 164 56 123456789
17 Packson 23 Male 166 67 123456789
18 Oyammar 27 Male 176 77 123456789
19 Joshua 31 Male 171 69 123456789
20 Ganish 26 Male 173 77 123456789
21 Dior 27 Female 154 56 123456789
22 Silvinma 23 Female 156 67 123456789
23 David 38 Male 176 78 123456789
33 chia 18 male 168 66 166936946
43 chiachintat 33 male 34 44 1678903456
111 Terry 33 male 168 168 124143424
91 Simxy 44 female 180 40 103317009
1 CHia 22 male 168 55 166936946
100 CHia 77 male 168 99 166936946
101 HIA CHin Tat 55 male 158 55 166936946
4 CHIA 44 male 158 55 157788945
